1394
2778
100290337
4214
122704
54460
4790
79155
2597
70
5923
7157
509
6122
4067
933
398
998
1748
5976
1537
55967
10989
54927
55890
7920
6629
9140
6173
8342
6193
79084
7879
83547
56893
6598
8543
9659
6498
7329
5564
51729
79228
125115
79165
2177
4609
11017
6427
10567
123920
1153
9589
1457
2287
4607
84676
4678
8357
5295
7098
4141
7030
10399
6531
26191
5170
27316
9939
10128
6146
51755
6434
221692
58
27230
3337
2033
3233
5996
8666
5063
6853
5566
596
339
387569
920
217
84532
10449
6342
5705
8856
4700
4711
10206
396
10577
4864
5903
7341
2273
1027
10987
148
84687
2091
6229
5083
7088
10291
24148
6217
7532
9343
94104
10083
64072
6688
9636
71
93661
2810
5774
1938
6125
3911
84280
51021
22948
29966
5558
7150
22907
84844
23774
9767
84962
27030
3275
6256
386677
84527
3749
5579
3718
3932
10289
55720
5310
87
391257
79959
8812
2885
817
4209
8751
347733
6159
7533
23398
2483
10313
6252
259266
5347
2058
10849
916
5110
7077
11052
57819
114609
7189
26152
130502
56658
23385
84898
10392
3303
3131
4602
6141
9129
196
9978
2533
8631
1019
1022
3490
6382
7536
11156
29927
5698
6772
2353
5104
4736
6142
4137
4741
55763
7204
4163
81876
1432
2004
1499
51762
84365
983
7431
9212
706
9256
145270
43
9456
4802
6908
2791
2793
3178
4792
6160
64960
388387
54507
5159
9368
117854
1933
1937
10114
355
409
9774
5245
6187
4478
5584
624
220134
26258
1915
26608
5733
80125
9801
6207
3191
23521
3007
6632
83443
4223
8675
54534
64976
11218
57835
257202
51
5479
7428
6884
8148
2902
5516
5408
9388
10783
497661
55131
28957
51650
2923
3914
51742
8819
254065
26043
2175
26121
9020
28966
6457
55917
9146
54954
7024
661
84528
5424
5557
1208
5406
1608
5331
261726
5537
579
7091
4694
4710
222
26986
9533
7490
9391
1459
8665
60490
705
23248
9448
9729
4528
22826
23451
293
3881
285093
81704
10254
26994
10772
203068
55207
51412
6606
55157
7965
22985
6426
7327
79102
64375
131
224
5693
5716
10492
3183
4691
1558
642
22800
5074
54908
767
8241
55352
8368
2932
8517
6883
9701
4086
2908
53904
81488
5478
79800
654364
51362
1176
2647
5250
6136
3312
2130
2185
25
6654
23517
4696
23450
8450
23268
3315
5582
79968
5496
9584
150094
7534
23392
5108
6865
6866
5887
1545
2099
26586
6546
859
5568
23345
6134
4292
641
4172
472
29093
51318
27089
5594
2623
5469
301
7419
2040
5567
4435
10982
22919
4641
5581
7531
84952
6464
150684
170622
24144
6801
5599
7132
26173
5430
22974
3551
1974
6206
125476
93973
192670
27327
5411
6636
26519
29928
25898
2959
6874
728239
9796
10140
9869
11252
7456
10627
51639
6634
10142
808
4131
50488
10963
375
55738
627
72
157506
57665
50628
1917
3035
5356
6625
6154
10189
10521
6854
9475
118460
51079
4323
4809
9410
8834
89885
11338
84991
6716
7364
5806
715
22806
84619
4916
5978
6927
9075
4628
65125
170506
6165
29950
894
225689
1655
9416
6878
8467
51375
83878
83858
3726
7051
11244
732272
9627
4850
7324
3689
8875
51124
5997
11047
100293516
4331
54948
64983
10163
9051
23350
4236
8837
578
5105
8802
27229
5987
132158
287015
865
9139
130540
81567
83538
55722
79843
8332
11140
51535
27252
2906
5520
5277
9091
7277
9070
7405
9711
23421
79019
10056
79876
9568
3326
5597
6152
6201
5094
6132
115265
51690
4111
79745
6613
7153
3295
7046
7314
10900
8907
55308
57409
10592
3105
414301
60491
29911
112609
4159
163033
55644
1018
4343
11155
58529
4697
8607
1029
10856
8924
9526
3866
4093
56652
10131
5371
6135
5702
2072
5928
8358
1107
56992
5152
8270
7138
1741
324
4174
1439
344
4023
147687
84914
207
80153
11214
8727
10905
11253
51747
6628
1543
3292
1827
23405
2975
5335
5921
1789
55111
10884
85302
5929
7363
10542
7704
3001
29979
4176
602
4168
6837
2252
2263
51631
2638
4036
10992
220988
5451
6714
22924
3725
51283
4000
6205
56945
64979
9128
55284
8726
367
841
55611
100131997
83755
6604
4605
595
55697
80778
5894
598
140890
387
9138
55692
65990
3654
230
5338
28977
51258
1650
3703
6133
7846
10301
5682
8886
2113
672
6222
23524
58509
163154
4733
8576
4852
4889
471
7067
51602
6170
274
54453
1788
79813
7203
83992
7417
8662
2176
2224
9453
6925
81629
10589
22874
54477
27258
6637
3500
84071
5494
10436
9349
10892
6667
896
3170
27339
50848
5787
1017
6119
1660
10363
220136
27292
3480
55816
6729
7415
9641
3417
387082
11117
158787
54941
7321
6955
84447
3192
4793
3958
7917
3735
5111
10097
5087
23636
3836
10025
1053
5359
255626
30836
1387
10215
30812
1725
716
5156
6776
23281
3219
3198
85291
9744
51510
7644
6203
11030
167153
7048
8451
56949
9785
1024
1030
54880
8904
7272
3768
51678
6430
6733
3566
9655
11136
27161
3101
3795
5539
5540
6390
8803
10523
1080
8773
6500
84832
26589
55052
51663
8569
6821
9167
10240
64969
22983
6468
388585
6774
6169
6228
4522
7298
29127
4294
7525
948
6130
54535
382
54919
9564
92999
1975
55705
23433
8976
216
284273
160
55690
292
1113
27330
57731
8343
8915
5522
5341
5590
11331
4869
3763
3765
4762
1994
25885
3556
5879
91734
4144
10713
2120
124790
5300
3065
4204
7317
488
816
10534
84062
4627
54822
1973
56647
5601
891
121504
6935
4771
6895
3655
977
144125
8777
143684
83899
4113
10362
6239
54860
7851
6421
5501
10919
23269
1215
4312
51503
84464
166
2801
4301
9379
156
5602
3329
54819
240
27170
55577
1936
284004
4673
6143
3306
5694
100529264
1852
1956
5795
10419
291
2960
388697
4690
5287
10847
23479
54550
57154
80349
116541
64963
11092
22929
6157
6191
1051
860
7381
2100
3182
8626
4716
4704
4709
1326
5608
6164
6181
342666
83637
57461
1786
53615
6218
340706
7186
25962
4087
805
8487
253980
5425
3753
3757
3667
857
5970
7052
5515
790
339834
5565
25788
11060
1605
2023
1462
3676
3021
2786
111
5136
7185
91392
55299
1665
3608
5499
3187
10133
5468
835
6778
84735
8659
1947
7074
3918
649
2065
2886
5706
10765
2957
140691
284086
117178
8896
9092
30968
5984
1021
5127
23204
7019
284695
55379
10474
8669
2056
7025
57473
9757
23549
23569
2209
169981
23468
3559
4215
4637
10594
1471
1508
22853
11335
3762
10425
5764
25937
55749
4539
3028
351
11344
57180
9221
22938
9761
1399
9743
2308
5429
63922
55290
60682
4998
6502
10569
29105
5595
84342
91949
55110
54793
91694
10651
25813
23462
7805
1616
2182
6785
7040
9392
5713
152006
3267
10946
11033
22981
6924
4311
6311
88
6189
2151
2534
4929
5915
9775
55632
6209
6223
2961
688
27183
5119
1460
221545
201181
64320
85409
11186
6789
10152
51334
2067
5893
5092
53353
23090
23186
8535
7248
2332
113878
1400
8445
3800
1943
2043
51393
7442
613
7290
8520
6128
6188
3842
1739
9229
3798
7159
84859
4089
51295
25959
84873
9218
25953
9879
160622
2912
126961
3906
4758
55907
158078
5678
10514
6307
6310
10236
501
8639
2785
2790
10486
5723
6599
55715
85359
4145
26292
92736
79622
51371
3609
51001
5605
2268
6004
5691
3965
4670
57684
3702
660
9739
3633
5330
5500
6640
129807
5476
54978
9778
4803
9846
10213
10985
4893
5290
2632
5226
51593
9919
220388
659
7276
5580
5587
23048
5148
79711
9733
723790
23011
27342
2962
5437
57562
2074
10586
1613
51765
142
1031
572
22866
9228
2318
3751
5048
23560
51202
51562
64112
23649
728071
9753
10001
5914
27255
7881
9322
475
538
79002
6748
4520
3550
4686
1654
10855
6670
60
2290
3280
5202
79892
9817
29922
388701
79751
8764
27034
84129
6194
8354
6184
573
5925
151
23001
27185
213
5004
2549
9402
1991
2150
5936
8900
219
5238
1147
4794
3553
7311
10241
55138
126129
55326
9586
51081
1759
5303
4232
9638
8660
7337
51082
64425
81887
8848
6124
373509
5825
9113
11342
51619
114971
51225
10454
64101
6261
30011
914
6227
25851
11224
2624
2275
343263
2800
7786
5042
6129
55660
55294
3693
8754
8633
9423
10235
79607
22895
11091
9219
9440
9968
6331
6645
10019
22950
3611
7353
5241
6777
84309
3164
1589
7182
728937
478
8470
10212
28996
10642
169966
84970
29796
4538
23020
9513
23376
29767
7170
6620
56944
6487
8703
2201
4147
9112
4728
7386
130162
4005
331
3685
5829
2066
56899
2208
64981
51545
54971
81
1503
54984
6235
8412
2669
11103
3006
5603
6712
9862
7295
5089
4638
5058
4103
7709
56950
11051
55696
286499
80321
6626
10066
1213
23541
5294
126
223
10073
51497
6829
63893
9503
6627
1270
3646
1738
8801
122953
7407
6208
23092
2569
10749
658
9459
51764
54331
64777
333926
58155
7535
348487
7447
246175
284312
25942
51132
124
10598
3320
4193
7416
1052
57159
8850
2081
7316
1647
4734
7322
4540
6721
3880
1638
7915
1407
8914
113675
27042
80230
1101
3688
84060
28986
29117
84707
26227
9040
55603
9604
1108
6597
3691
667
353132
386680
10480
4747
9099
6456
867
527
5684
10574
3476
10951
56946
8772
5047
4134
26505
386681
3174
5336
54206
468
11188
8029
302
5562
5013
7306
342371
84632
1822
23145
4904
6155
120
23543
473
4217
5536
1890
64219
84164
27040
57418
6888
57187
29893
11143
7862
146664
4188
1795
26993
1945
285220
6117
65993
9759
57761
10971
56907
1642
55626
51649
9782
8365
64223
79109
55330
10915
5700
6314
386682
6687
5147
5158
85403
86
29761
4646
1951
1436
60684
5211
10588
10797
6233
11043
64782
284001
3066
6897
10513
8131
34
36
11097
51433
699
9183
3175
5770
123
51099
26128
4085
55743
3927
196528
25932
4216
9618
1386
6929
3190
164592
80817
1649
8440
55072
2695
5021
23107
6158
8554
727800
9802
23410
2896
5931
6096
1760
5348
80314
10890
79083
7541
83851
6396
10110
2071
3621
3324
84458
6804
8673
10245
10431
3846
85280
57659
4831
57142
403
6749
7385
6185
6602
1059
219927
54148
10239
26985
9577
10284
1674
2274
3679
3375
5126
1137
57085
10846
10885
4082
5588
114790
6794
54931
1730
7286
84661
132660
5553
634
3692
873
8908
79682
8559
11137
64949
7818
26958
51272
6601
28973
740
23607
6138
55437
6885
84557
9667
154007
26824
1072
84292
3184
7133
3181
8714
26472
445815
8563
1854
5465
55037
1659
51116
56259
23265
79036
3925
5062
5683
27097
6303
8525
57561
7128
149069
10728
22837
79801
6461
5524
900
3482
5328
284403
9522
60561
79027
2316
9133
7035
3643
25945
56288
7328
9781
388698
27429
10539
8545
22913
256281
5218
23557
51741
10262
2280
10952
338
2516
30827
122786
55094
8883
8651
8835
25941
493
9093
2872
5883
79797
10146
59349
3018
9557
5432
6886
6202
25873
56852
7251
2494
8204
275
2781
8601
63979
9270
84311
23118
92609
4851
5664
8452
55681
823
10468
83729
84319
5167
2134
1908
1910
4129
3172
112869
4778
5195
140597
9338
257397
5704
5717
54490
6715
5627
6449
151648
5525
7988
1856
8322
55646
1179
51065
3419
3695
202559
11269
23039
26233
1285
3690
119
1020
7448
10059
51024
10165
6745
1643
196513
7375
4149
6476
4688
54622
64968
79590
4140
163050
373
51003
55090
839
192669
23394
79025
978
466
7042
10285
10325
64121
56895
5966
51520
1434
3840
3797
988
3185
8880
3799
1487
328
6176
51298
11066
8600
5333
801
10078
3106
6386
2690
2971
9330
5528
8500
5600
9362
7358
8443
5155
7057
10526
22941
8874
6175
6204
23759
84321
3983
1572
4047
5871
6416
6147
81027
159989
90410
63875
57514
373156
55081
26354
5708
6144
54541
22827
6738
54881
2
6462
4868
8826
80279
8815
238
3875
2192
8076
51253
4541
861
26168
23291
8945
5364
6199
11184
6850
6993
8448
2063
51340
9477
7001
64432
80318
128308
1026
6418
154
2769
23612
8655
339965
6120
10869
6510
3054
90326
10818
23603
1528
54205
5711
128872
92421
64421
5998
10018
2189
56478
7919
1958
6431
10636
333
6727
9045
1315
372
2580
80152
1839
960
124583
57474
90933
10969
10193
3093
11193
7454
388324
51142
3083
4233
1588
438
29126
5133
57639
9810
4842
22839
6300
23197
1025
871
5837
8560
54576
3032
549
23263
4208
9884
22807
6950
3265
8036
892
9784
10528
30835
3384
256933
2831
7414
51019
6814
5265
5644
4157
3736
3801
5873
25843
55183
148932
6999
65003
10988
26823
55954
3791
55755
57658
64786
3561
353145
8614
5441
9462
5604
57088
2200
8502
4999
84515
4665
56970
56955
9240
10935
8294
8355
405
6139
57129
6638
84085
4261
2893
3956
84942
3276
694
10273
3308
5866
1869
9181
83593
6672
286480
6477
4536
51103
8061
11216
5576
57510
9972
11165
4712
10266
10268
84787
5511
1535
3860
9702
3014
286
6708
54464
7538
84878
4171
6016
339302
6844
113189
56548
10801
23176
1644
3176
2037
4926
3930
1004
1007
55588
9443
7593
387032
815
10127
30008
7124
56848
140032
7572
8237
2193
56159
1794
9861
10458
55740
1983
8894
11100
3455
3456
481
1385
3630
1717
1857
196883
8622
4616
8189
29984
4738
4795
10612
5204
162427
26228
4705
4717
10287
5583
2242
144715
5810
10401
390535
57325
56998
1838
221504
3399
3400
51018
4897
6900
8175
9498
5413
6810
5045
81618
2986
4695
8220
64284
5217
7013
831
7094
23005
140807
6429
171425
2806
2212
11157
92259
114294
5518
2890
10062
1821
57716
81875
4683
571
29110
498
8352
4841
29969
554313
3815
51138
1796
394
2321
5228
27175
5718
3565
1280
51421
79571
326
55027
5267
5930
196403
3055
9734
8648
9325
23239
64783
11231
10629
10516
222894
23231
56654
64396
8553
10664
55971
10573
11222
4040
7471
1911
196472
9013
10980
23499
2887
1469
708
57594
150483
51164
6655
51035
8449
23199
5591
2904
10293
9400
9401
51808
53369
633
25949
6432
93487
7249
5349
358
580
84142
114088
84807
5800
24140
51069
163
701
8349
4436
171483
23580
6711
6232
4179
975
4356
7307
6612
9984
7050
8529
8174
695
170954
4335
635
170392
196441
3493
3861
124995
84056
10975
124637
3904
8514
6137
7568
9001
1540
91612
1495
22808
3189
6647
6183
439
5201
8482
567
1234
23236
4801
8312
4175
4300
7126
9852
51616
10051
2057
3635
728556
57498
164
8943
4088
11282
4247
55007
53335
604
1144
167838
8115
80335
2149
54763
9465
4905
7184
64761
57634
9643
117143
10643
84811
2878
847
2891
112950
10048
3145
7283
6548
3921
140545
1995
2729
3948
2002
55835
93426
23648
63926
2132
23418
386675
6919
4153
6399
29882
51343
79023
9421
8351
11067
57642
10459
5980
10243
153
9863
4724
23016
51013
673
10944
25897
115761
135295
10286
64946
80829
4804
6045
3694
2551
10274
8932
3012
9252
26156
9689
958
29883
7832
6633
4481
10614
51574
1522
56144
118881
218
984
4582
64754
54820
23481
3603
83659
23396
29
55145
79169
132789
2645
55658
6118
10008
55791
1962
476
22916
7284
2969
10253
386678
4924
5742
102
2042
648
8295
8335
2221
3656
57162
1742
57492
6921
2035
7247
1288
353376
51135
7514
56243
65985
29945
4715
80228
9094
5775
6928
3486
3554
1410
28989
4739
3339
5549
6230
163183
4283
10921
7222
10134
5311
10607
2011
23303
5886
84993
2314
5783
10379
3196
23163
8905
5523
51182
5049
7082
55388
51010
8570
54932
63948
7323
4350
7068
51191
54514
55124
10250
3097
56254
545
226
339210
8618
5898
5912
55096
9493
9727
54472
3157
39
11059
23558
8663
80258
117177
4218
1448
2771
197259
5306
2064
640
10450
2966
902
7507
4718
54539
1446
3437
6519
54900
57559
2946
9361
54556
8089
6337
1896
57185
57369
1325
6754
2166
23564
1003
2243
59
2324
3678
9015
2931
898
8360
149428
113802
27158
4205
84105
5321
6709
6767
1491
160287
163590
9960
3301
79817
90799
9931
1308
5339
51645
57703
7436
25828
92610
6446
6507
2664
285679
388677
2547
51643
6836
2026
5223
6923
1452
4194
54797
23043
64744
22820
10746
2521
26036
6790
27043
54859
23172
65005
727
730
10656
11243
64708
25804
3297
335
5687
201176
23417
84693
5901
91754
5431
57508
3615
54476
7332
92070
27336
2963
22906
7554
85407
1453
1855
55596
9553
8721
208
9545
28964
4751
9632
8165
4706
10482
2804
64746
7529
9414
10081
961
386676
8646
6596
7097
81793
152015
3356
7096
7100
3818
3827
2230
3897
51434
81620
9097
94039
23201
341947
1058
5796
50649
8453
2977
55198
7520
4781
4784
80724
548593
5689
6631
5141
64210
3977
8493
404734
29886
2720
221
11035
5050
91782
4116
83786
7756
7064
1990
1728
140465
53340
53358
558
6224
1756
93664
5578
9590
1999
337880
1290
780
5916
8431
60625
3761
10006
5296
5034
55957
2936
5052
23426
2898
3663
2103
8202
26122
8363
10981
9794
51256
1380
29109
8548
54921
29899
412
353141
51073
51263
5531
3117
84662
9692
11074
1196
23673
29968
10421
8864
26003
653361
9063
1892
377
23309
9203
2115
6195
10529
89
6845
8417
9403
4881
5153
399687
6435
23582
7597
4487
1000
3728
2974
5143
10488
113829
155382
10747
5648
49856
93436
9086
9669
57002
7164
3224
1398
8506
655
329
103
11266
7376
10211
585
79058
5066
1621
2745
55668
100533105
5163
2634
4001
10010
5917
79723
10657
5439
54778
9839
9787
55226
310
3146
4170
666
27238
25924
4647
10345
845
10036
9031
8546
2059
7913
3082
6768
2495
2110
657
10342
54033
6231
23049
23708
54440
9527
2073
345
7026
652968
4477
9716
57599
7398
26155
10533
1201
65263
8668
10397
57459
1977
22861
29108
80726
79089
220717
5971
103910
1314
6616
6809
1238
6351
1191
5444
81565
2323
50855
84612
4651
3483
8074
90390
221184
55758
1740
57568
2157
28912
3020
10762
23633
9530
389741
23114
11228
5067
3936
1488
23028
176
7143
6323
5394
9878
27005
29946
1277
1690
4772
5292
282991
9
6517
9961
5973
64772
2948
283987
5888
9969
2027
51569
7391
7392
353144
10490
6811
55929
51588
90427
11152
23130
154075
57096
79848
7388
9377
177
6949
10299
29924
55257
320
30818
79673
5607
8878
158471
57333
11337
10248
3662
10263
1104
58506
23645
154865
8289
5257
23054
4535
5909
4092
6944
2114
7053
27231
3376
10278
1130
83541
55217
5934
113457
4494
79577
80705
79009
6868
821
862
90993
84545
3084
440023
5979
4943
868
22933
3206
4050
84467
63943
758
6234
8356
269
4306
79101
81533
23219
4302
6607
79753
8771
9966
51554
6347
1390
84699
51776
9223
1982
836
1514
11316
7187
2245
9844
6595
1840
58517
1445
1601
838
23097
2313
23271
29760
6257
4224
9491
4513
51727
10469
369
10994
3381
3592
3385
7257
4162
5784
904
11001
58491
23389
9442
231
1902
2773
7707
84708
11190
5018
79913
160140
810
317
4128
11345
9685
2335
6387
2717
8344
2919
4714
114884
10933
2937
2648
9913
6605
8683
116540
23286
408
113026
89869
64376
55355
8367
5355
6591
286075
10687
64750
7175
3064
65123
1050
148022
127557
92822
4521
95
23429
8336
84904
2118
829
832
5663
3161
5473
10661
5080
5316
23328
352954
83444
23621
23038
9439
51651
1633
6840
10566
56915
1762
4698
80028
4488
2052
1803
7852
56937
339231
55906
55268
9947
55662
1437
29116
81628
6722
3673
114792
26206
4519
4719
23498
2571
6046
8361
1173
27156
59343
4192
5803
3351
3352
2017
3398
7849
23641
54906
64419
6732
378
23386
2639
8050
1874
56891
2146
6611
6294
6635
55723
8890
2475
10069
10912
4173
64965
81502
84445
1345
1523
64762
4287
6887
158297
29948
148581
9958
10617
4591
54840
51078
64682
8697
3581
5794
10314
29102
909
339047
84536
8649
54458
10328
9694
65080
6780
57097
29074
51264
84232
7528
4791
1785
54469
8338
9085
80108
285527
10298
54815
10564
57862
51101
6340
7421
80021
10930
55165
10294
3838
56655
257068
3636
5863
1289
1634
51194
57410
55093
63898
3659
4298
8028
10978
3683
5788
55003
1374
4867
80306
57591
64374
6167
3832
2167
26578
8508
999
84186
2315
84967
6675
5093
997
55775
54107
3015
3839
8972
2147
2162
57578
10524
4035
2339
5911
23476
9282
91768
973
974
7044
23464
23408
2261
6750
6752
55164
64395
79618
10466
57511
23135
7083
5077
10499
7223
7224
7080
6573
7021
2590
26058
6305
4776
7188
1174
23431
2078
9670
9612
27178
222235
1585
64216
8760
4314
50859
1392
27044
51373
126328
7384
1230
6346
114932
8682
51428
3099
51005
5781
79760
8926
283455
2199
114822
54981
8887
4139
26
811
912
10403
57082
91522
29107
57530
55663
201456
5530
3156
90627
126868
3109
3122
8454
4882
2670
199834
359845
8794
4090
4152
5741
5745
1346
55120
79598
353323
10755
9276
10256
6695
3759
10602
7372
1814
137196
54716
55231
10467
356
843
330
1600
160418
129685
8290
1105
54700
6196
29956
432
162
90204
1123
8851
11164
1071
6168
1186
65008
10815
8533
29088
55168
53938
26133
125058
309
83933
229
84260
441241
89953
219541
9372
29993
100505385
10270
79072
4297
1676
163702
282616
11007
5710
284217
79659
252983
5685
139341
1780
9230
10961
3845
51454
1044
51176
10775
11102
1184
5720
94005
6361
8370
23316
3273
712
2707
22828
10640
84312
3593
51561
4594
148103
7379
222484
8650
3732
7334
90678
1719
9295
5438
79187
314
25902
6890
842
7450
10902
7161
54442
7205
3953
26097
63931
2548
2068
55806
23435
5864
283
5728
8717
84634
84285
9779
254187
84446
994
23523
273
6098
26224
148266
642658
6662
116113
8473
138429
26263
28976
2734
1393
3148
57787
9319
7580
79020
90007
653509
10666
9500
54165
55832
79188
2941
340359
1468
637
29844
55840
5757
57584
7730
23380
50618
7874
10877
2965
55729
9520
64175
9441
51324
388
963
3588
90226
2877
6649
29089
54708
890
1371
7389
58525
56474
7335
29079
3957
51773
1675
5900
6237
3310
55227
8854
120892
7430
55109
54764
57464
840
51778
8557
26086
5519
25934
3029
5832
6397
148281
53918
9131
10202
220082
8968
10494
10615
84894
246330
2246
8829
83852
5144
23683
3837
160777
55139
2334
51074
84313
3514
1511
5747
8224
2688
8347
197
6490
28998
7280
8125
130
1906
148423
6015
25888
29841
55633
8522
22931
7090
22936
388389
51495
55969
113130
9126
5690
79172
8839
1965
6210
8971
10645
51444
3708
3710
54475
222546
4846
142685
51435
4645
6182
10868
84461
35
80022
26999
7171
2892
2562
1809
9994
830
5714
3868
3251
9306
3952
55728
2047
4316
63827
4537
117583
9141
11339
93343
85369
1124
2051
134553
79663
4656
1207
9341
7020
10295
283742
415117
51023
137209
3158
9821
2873
266740
283208
10465
5467
9588
147700
64061
8988
81552
57120
26580
27065
7703
3239
94235
89797
9463
1534
10228
1406
54870
23295
4097
59307
23062
6873
4967
9354
83861
4830
4942
29995
10297
4615
3002
5551
645455
143241
2197
7287
81892
5071
6493
26353
119392
7112
10302
6617
7038
514
539
5985
3853
65078
2826
4708
57532
10813
9150
7994
286343
491
8239
8822
160851
348110
9814
10672
84936
9525
548596
4286
54894
6657
3739
64919
6839
9472
6156
93621
3563
5777
1111
26001
2036
6383
22888
387522
4760
353267
11276
26088
2626
9464
54960
9479
51504
2194
32
85358
79839
337974
284996
5610
83897
283989
388695
8728
65057
85376
162993
6813
8636
1316
1952
3856
10644
2570
84937
26574
1820
51466
9422
1397
23378
79791
10576
10694
3760
2289
23086
1263
2529
10957
8527
54869
23111
25913
7014
10928
5521
8227
5305
5709
284391
3150
142678
29888
84196
2784
25862
5771
22797
2137
8795
8906
64928
255061
4928
26135
100294162
972
84966
55324
6696
79184
133522
3030
50813
3313
2060
5362
9898
28514
4242
1159
5611
4800
2740
1409
3269
3569
51550
10053
8339
79948
80739
10580
7178
27128
11080
2915
6002
10054
11198
80196
6091
23035
9351
1500
8558
3039
22823
79669
10475
2782
10927
22980
60673
1586
5725
2956
5378
2735
1861
57554
375484
4731
5493
5145
8867
29904
155061
2046
100124696
9100
25831
10024
362
5573
80304
4855
55534
8841
152789
2550
2010
7775
5885
3954
23326
4654
23411
7555
467
57592
5868
64753
5577
11130
4856
23542
79738
65991
91408
79656
9170
4253
5414
267
387893
89870
11340
10283
26146
9892
4110
10197
54437
51604
65110
84812
79077
8120
55322
6161
1337
151636
28227
25978
66037
92906
4773
3069
154754
441212
1602
144455
10093
10096
7755
3937
56302
793
4437
221937
79443
51196
8912
55599
4318
5645
64431
11284
3981
10094
8687
7168
2903
9329
25827
7923
4725
5436
9988
1808
23170
9555
112939
10319
3912
3681
7412
6010
5897
83747
10848
84816
23209
4707
89884
81570
379
9474
10886
8620
10891
10111
26277
8676
55593
3098
1964
11325
7006
5867
8940
116285
7804
117144
7518
4200
5906
23474
40
80856
130399
3625
51100
4212
7706
5447
1351
10000
3163
128
79744
383
9253
2746
5695
5721
126393
10204
84223
84444
29115
1287
5780
55249
9189
79890
51267
2532
5329
23208
51700
8161
3858
1378
55367
5036
2968
54821
29925
29926
8463
51147
3848
2153
8475
26150
8350
3309
11178
115653
864
6198
7984
7041
401541
64105
7494
23025
23136
84959
288
6324
150
54785
4931
64773
8975
55140
8518
406
9021
2889
2767
5739
5020
84817
6445
8910
55636
1114
54386
79648
26517
85007
2205
779
23473
11161
5732
5737
5606
10154
18
81890
84823
8936
29880
8813
9651
79088
5792
991
253738
4221
4720
50484
5734
25928
10618
4703
4361
80824
4702
2539
5236
23223
9726
10336
5196
7015
6615
4701
3857
3888
5802
3238
81608
84680
9328
116985
8797
112802
9135
4985
11153
116461
80746
79637
63908
1121
5861
56160
22859
22883
80223
8766
4595
255488
6472
5365
9826
6455
1544
55803
5216
27115
5317
55536
79139
285464
2237
1039
116173
94274
140885
1244
5174
3188
25803
11176
5214
3199
4211
9111
85015
1562
4833
64215
638
7473
8321
53822
4547
11201
10376
22905
4189
6624
26240
11274
374907
8704
8775
140461
55273
5724
10320
55885
5480
441518
3890
79008
6171
6192
8899
57332
80145
8678
3889
25920
54675
9149
27335
8664
1871
51171
55327
84246
8825
118471
57804
2737
7547
29123
7336
6788
57037
9693
1641
277
8099
56951
64094
5433
60488
3991
9370
64802
57616
114823
1639
2672
1969
57132
1286
5008
525
9963
51720
7432
54102
4713
55805
9894
80176
3852
84279
8724
93986
1010
5892
114883
115106
65009
4155
56953
10138
29978
114548
22900
2191
84329
6259
3872
8565
5699
26165
55717
5291
3804
5688
7980
5598
10247
3796
9672
10121
10497
112755
1837
751867
81631
144165
3716
201501
2309
57708
54
11183
1327
22999
326624
79869
4723
23327
84922
84340
1278
6678
5434
1490
5132
10541
388818
1163
1813
9712
59345
158809
1912
197131
56901
285753
3886
9882
84256
55173
1232
6354
9261
152137
7750
6520
348
80254
9666
11078
55914
26207
57146
1412
26015
2512
55114
5935
10608
23710
4835
91746
84705
8939
5175
10413
6271
8881
824
219333
51150
10477
4281
5184
6241
3945
10956
1282
4099
51451
3784
83481
1565
84752
29915
51096
6275
727738
26523
996
993
91687
5272
796
22954
1948
2631
5230
4509
516
27154
6843
126070
55798
8314
10691
3831
9043
5859
56547
79589
5134
84172
54478
5166
51060
54557
5692
51548
3714
4853
9478
27343
445372
4722
8065
51760
4329
58480
54850
1363
26073
27347
2934
1440
29894
7916
5422
3915
54715
440738
7267
392
433
153090
3000
23390
6857
286053
1981
1557
7367
2566
51304
2683
728642
57144
5872
55679
9587
4987
5368
284058
50717
10924
306
5068
25855
55143
79090
57680
10948
4094
4091
550
1793
63916
57504
7018
93233
26959
55756
54512
7978
10973
3560
5455
6663
1164
51377
38
201254
1447
30001
7273
4860
55700
51564
5055
6258
56975
114928
149950
2034
54776
1653
333932
774
84140
127703
29777
5090
9184
7773
52
5629
79842
4950
3283
7005
6938
84525
8038
79096
8934
6710
1060
9260
51608
7137
9101
54836
7791
56650
9887
30816
10391
57188
85294
84988
60496
51586
1454
1435
6875
6879
4779
4288
55839
25876
79666
7844
4008
4014
3990
27111
4514
136319
8612
3586
361
51759
10013
10844
85378
5452
93010
79175
11075
4879
4653
5981
9265
140432
84078
83540
146
90
53981
126119
54542
3135
3805
116840
64927
84665
3459
2108
84224
9188
8409
2171
3628
3631
5325
23287
79183
7181
8379
2592
4613
23513
79370
11108
8767
10565
919
7424
10207
143098
8402
92170
51438
212
10398
11113
8233
7345
283518
10799
4241
91319
11004
9103
222389
2202
8328
8761
337876
2967
3632
26037
9378
4907
7084
134266
100532731
84733
8575
51585
2764
54536
9278
54955
5880
64951
8871
9519
84033
27125
2241
54511
25865
5340
51297
2661
132320
6336
5191
5264
3758
9578
682
23624
23369
340719
64218
25890
3885
63967
6571
122183
10616
7727
10040
4069
1443
5782
64087
8317
117157
4063
429
10557
30837
11234
79803
89780
8541
1743
406921
6051
8359
23595
6603
5989
1894
1479
27086
112483
100131816
51726
6917
118
246184
3987
11267
6882
53826
55554
7155
2155
322
84456
8503
669
11129
5830
65981
2045
4735
7296
55080
57213
4729
170082
541471
253430
5334
22863
9266
80342
8428
51447
51059
64866
1663
8888
3978
3159
126382
7343
85362
599
5187
721
3600
3601
65988
56616
57448
60676
1161
9318
183
9412
80831
3704
5314
10179
54801
27124
26749
23650
54620
154313
12
6406
3316
59286
23194
6643
336
347
93145
10611
6352
3675
57190
26153
339390
65109
79595
84766
23272
5373
10350
9191
1475
2125
85366
1028
79931
2783
64710
51691
57698
9635
8218
10155
8861
2107
147872
58500
9706
10188
29058
440552
100505793
55339
23013
23002
10572
27
4438
7411
5423
5309
9732
4820
3960
116349
153561
64398
47
441150
7625
27257
79602
80233
713
2160
5345
3910
8987
5940
10181
10865
9457
56924
84126
200558
64837
63978
23404
23511
115123
152503
7780
22841
55503
1832
57062
11144
2257
55707
375056
3706
121506
54812
53
957
10920
5529
2984
5149
5727
84133
8481
166979
107
5138
9267
342372
79810
3118
6892
1401
5125
80227
4043
6272
51042
11171
10525
931
1755
908
3077
7037
6385
25896
55656
5828
1146
11189
51367
7443
6285
29903
4296
1013
10055
29086
308
3460
79833
6902
114990
54973
57117
79016
6717
332
8021
5596
819
9360
51193
9915
64324
57326
10130
84069
55920
6736
158405
10970
5337
83660
80204
5327
1
7737
777
56935
9454
8208
1296
3660
2235
8654
79158
55150
629
7135
113
6872
10940
1891
7468
10020
8736
5495
51144
5707
26140
81873
1559
5890
8362
51530
146057
84630
55068
4915
570
55233
81926
1778
5635
10277
3786
55585
4313
51465
6400
23705
8364
5307
26289
51251
23095
6499
985
10075
10382
10551
51224
11128
23770
1828
5819
4282
84264
221472
54726
8689
431707
57147
9025
162989
7867
4076
1339
2997
140459
3572
256646
3433
9891
79778
10383
79050
1478
10112
8556
6009
56477
10768
11063
8653
7461
3579
30062
3576
158931
83939
9202
115207
1513
8411
1038
664
3107
118812
57673
151230
2266
65265
3642
2203
7054
7299
10735
6996
6304
57579
7726
7047
9688
2625
11124
8480
1670
3717
354
5315
54617
92797
2993
51806
161582
55161
7004
57381
3225
9700
6760
2848
1482
5351
1046
115
5150
553115
57801
84125
11329
258010
80124
8615
9570
51265
653121
113451
89795
6905
313
25930
5701
26060
771
515
5592
84651
29887
92840
3577
2220
10863
4544
8471
1978
204851
7733
11236
55026
26009
5232
54014
9841
23637
9910
2582
1812
639
5435
2768
4726
5646
64714
3494
23230
10758
51341
6775
51529
10318
1350
945
10157
7486
353497
256297
5198
2326
58477
23075
11315
139628
25820
8464
246329
84080
4357
55293
8216
60412
729238
163059
79953
23658
55521
5924
80025
6440
54538
1656
80271
3033
5098
4664
5450
23085
51560
4763
85027
5967
178
127
51307
6870
9737
84254
145226
440275
64854
1054
54810
153443
10116
9856
55211
55643
1284
5509
5983
26512
9495
10190
375341
6453
10625
6648
6470
6818
285141
5586
5621
84310
112611
5224
6911
10487
378708
6940
23528
58508
814
9014
130560
2161
22918
5793
7010
54974
1846
65264
8315
2331
51493
1356
30061
80205
5140
55811
25923
78986
79991
26585
9088
3767
149371
6093
8831
5275
5657
26521
1438
54606
4622
4913
9470
3336
8793
64127
837
114824
23047
818
4600
23336
8634
11073
9610
2159
5269
1032
79735
675
2104
3843
8243
91653
27037
597
78990
8731
80344
23243
4914
4642
97
6549
51642
503542
6508
762
3882
10451
23764
5396
55872
5324
1875
875
9741
129831
22803
55240
6497
79718
144100
4353
1804
116085
7681
1302
3996
79035
23493
5054
94122
29763
120379
386684
154796
55288
5730
57670
9033
23522
64769
7275
79366
2560
81030
58191
5797
8496
133746
80333
84498
7884
51763
1849
10898
8991
5609
1843
81857
7508
169792
51684
26260
26019
128240
10084
5932
5905
2553
576
3594
3595
6720
55770
10092
1192
56850
143425
321
200081
22920
283150
262
29974
8436
109
84725
10326
4744
23087
252969
6773
81609
5395
3984
11170
2983
79886
29994
4603
257144
22891
7325
211
64781
91010
5137
10953
9911
2039
53635
581
10603
5585
6404
374355
23589
23334
3891
55651
7305
9436
4303
2213
8495
1063
57805
1347
55500
9791
148254
10333
182
23509
8661
23412
80010
11258
51477
8013
79885
80232
31
56649
84283
58487
64792
10972
55970
79017
51009
55159
64426
23317
153769
57118
54918
143244
58484
9616
959
10771
30849
115201
8574
1477
2954
79902
27148
2736
4071
200845
92597
55666
8266
54938
8862
81844
114
10393
7738
10628
55454
253260
10606
1235
55894
64853
78987
134728
8195
8087
83640
54926
885
8536
23229
10808
2739
7076
8366
29780
55030
3651
2776
3162
81627
1841
30833
3737
7356
55223
54554
8505
85363
7918
3235
9214
4077
375307
55264
26873
286016
6623
4291
5778
9697
84343
8733
5878
11177
51429
124220
54814
6915
3497
25901
6483
22927
5881
388774
51422
150472
5902
6830
10002
260425
7039
388646
4843
91544
11145
6355
1584
23506
57685
57521
55167
56952
4604
8353
3202
81544
6066
128710
10209
7827
84623
5075
8106
9532
6881
80012
51068
151254
8337
22818
55752
989
3658
5372
170626
55683
7799
90874
2788
1819
51389
2618
4034
11077
3298
84938
9124
6273
2271
7166
3091
1329
729
6060
79733
23670
10014
23207
9367
143884
56956
6367
5079
7297
1845
8718
142679
3931
5320
3764
6833
6401
3169
8930
2247
9047
10788
84626
6932
255193
3507
5426
7408
6277
91445
10381
6532
5106
6295
5504
8658
9709
60492
55291
51107
9145
2254
7766
81543
65266
9076
79137
54487
5660
10440
7027
1005
1413
7410
3665
23360
60681
8780
4824
4692
350
51506
55319
2650
56913
27131
9842
138716
2187
5977
115416
4332
51160
1629
587
1267
3087
56005
8738
8462
4782
2629
84148
53637
81537
64798
10444
2787
80700
10174
55022
4583
79695
108
10498
55092
84867
56940
9531
22937
54704
3929
9559
5194
1603
81572
6891
1001
6092
4052
5142
58503
6779
3488
64137
9793
112399
83463
3854
80218
158
27095
9158
9982
153527
84700
23099
65117
2972
55814
55212
117159
80308
594855
5994
8625
3067
51617
7105
23275
4133
5631
7086
27018
121268
57048
55750
8723
140825
55661
55023
5634
64080
2950
56902
51316
26013
51513
10210
2204
29992
928
3727
287
23198
155
6783
10201
4666
55276
348980
57657
84935
56139
9677
221264
146279
4818
863
10200
51479
23299
6251
6048
6759
26235
10026
23478
257218
4026
8763
11321
6047
55655
55148
30000
11332
656
5908
5297
349565
197320
25814
4105
10907
63920
7167
10208
8178
2874
80781
58538
5571
92140
84833
4891
23313
125950
8100
26108
9321
2596
26039
389015
63928
124512
2840
79594
23551
11083
2557
2561
5037
149233
149473
318
83719
2792
84221
2028
284297
522
1463
3371
85437
26118
135
89890
718
79026
54474
9055
3008
118472
3670
6150
26064
126003
6642
7158
55216
4862
30834
9675
90594
5440
259230
190
118924
51699
53371
23007
8935
663
665
55100
11187
1823
55737
8833
523
6536
2288
79004
10841
7350
9804
2165
9337
6665
86614
25929
8329
30851
56341
9658
8805
5164
91703
64599
55186
54360
10135
79075
4988
53944
84206
9476
6018
654
11196
23339
57617
4115
5346
3661
2079
8382
5139
159
6880
92912
55422
56906
374291
2689
9551
7633
22832
5318
10507
971
114112
25793
57050
8091
84958
10716
23162
60626
2050
6817
6820
55718
49855
84466
3684
4863
9311
55851
5552
714
79710
9169
1258
5961
65986
4629
9482
6827
51335
84337
26751
114131
1395
54434
2491
130916
171017
195814
50700
3806
3293
7031
54769
3895
91582
7374
115572
10791
51701
9187
84706
152756
813
3479
151888
1198
3216
913
81624
204
9631
14
27107
2515
6622
64975
6871
78998
54915
23352
5589
402665
5662
55174
23108
3043
3674
84106
130940
401251
1295
1620
9662
6855
6278
5982
1859
79873
689
3680
4815
64581
3394
4142
10922
7072
3614
1880
11346
2305
51559
353332
6658
8705
4599
2770
6011
25946
3305
27338
139212
5025
925
134
25915
79643
5993
10522
11094
29982
6293
1154
3973
94115
4601
9883
93474
22856
23463
1268
3061
112885
6280
3543
826
85444
966
25957
60487
4321
55565
3217
2627
650
23363
820
22894
64170
91
4952
677
9107
79368
6876
22882
64400
1944
60672
6447
8491
53630
79960
4342
6863
84759
138046
54976
3516
440193
6282
57596
858
7003
399761
28511
80184
55726
316
7409
50944
400
9648
80851
23193
10400
7752
10659
6197
114781
63027
493861
494470
23270
22899
140576
57402
8844
9444
5350
6588
4486
6671
93034
956
8324
66036
9451
2705
56943
9373
51633
636
130340
8737
11018
9173
51366
389
5891
2244
5653
23397
9382
25960
11146
126272
7351
23475
6236
5753
3358
121441
8674
9583
23184
4041
55329
10913
51460
1382
4512
729230
5169
2317
112
22794
84305
51388
967
55250
4597
1473
1520
27153
253461
65084
157922
7466
3738
55968
2038
6521
9569
26827
7702
7111
124245
7465
91977
8911
64397
10015
1604
2822
4100
55337
55616
79849
85440
25970
6812
10540
27246
64064
84307
84678
51268
57489
8439
6392
3778
5546
744
54734
1612
337
26575
4184
10725
2260
23371
90355
9026
8817
51181
10563
6363
25778
4618
3547
126626
23424
89882
80097
6741
200931
5129
83452
220213
3672
51257
51228
11343
5407
64600
2643
4154
11016
63891
64333
8566
54925
22955
8720
3215
55272
9404
10926
392255
64343
28999
58985
10282
4986
2982
140735
430
949
9833
2879
5358
23321
5860
9874
10038
7515
9730
57620
6786
112724
5959
25844
80149
9853
51201
5822
10870
79465
126374
80303
284252
23019
23066
9690
11200
642559
11260
1442
29797
2862
51738
348174
55075
3959
283385
10859
8667
54106
3612
387856
10238
6014
6651
5209
7841
27000
1635
3133
3822
54923
4072
222255
27306
7433
2994
10125
7378
285216
1069
129049
11330
11217
5950
6121
54532
563
23192
10476
58524
9908
7134
185
64429
582
84100
283349
7320
11040
50650
51386
261734
846
9905
96459
79657
23256
710
11069
1073
166785
55041
3746
3747
5449
29934
7871
6660
51184
8572
56957
203228
93974
3428
50807
4925
84939
5790
554
2295
3713
9823
56001
56256
64326
4626
9611
1231
6357
4150
84679
9185
55297
3939
57621
388552
10484
22872
9918
84324
83539
203
1811
23413
84245
83758
5203
9747
8743
8870
6653
123722
4068
8832
84888
5168
5625
1291
7045
5464
1731
10307
10148
9466
9895
121278
153684
6279
5073
11065
11275
5458
151987
23743
4548
1441
6095
8725
92105
5352
6480
930
9901
10787
23191
5947
6693
9764
80830
10456
286006
4118
54765
78994
653240
3075
3092
8395
23122
10899
59341
10023
91056
28916
825
7291
1737
2322
1264
26031
5130
118738
63915
2798
90990
2911
2752
2719
3481
257364
7464
8974
23076
1175
3205
9232
9798
5270
55701
4946
4947
64151
27101
55147
2794
26127
54882
56034
51168
83860
22893
79095
27250
5805
11021
54902
5719
83985
1464
1595
54499
64759
147
26057
91442
6452
83442
6484
9245
9950
5146
58533
11221
441400
255520
391
9246
56301
6326
80328
8302
7139
7106
9541
5081
440258
55160
79729
11009
53832
23500
100294114
440498
29775
55704
115817
22953
5024
9678
22890
3501
3229
4160
3240
9332
286887
2101
55285
2678
5361
23203
7294
9656
924
8892
8893
5409
10734
1622
3026
4504
100132285
9053
5798
2181
50804
84294
7099
28954
9117
151871
9168
399665
9724
5097
169841
1033
10067
7265
55048
8408
22865
11011
1349
116225
6319
51330
51668
5213
6707
23585
608
23148
100526767
51213
80155
91526
2694
9425
79641
268
1610
189
56894
2980
2342
115704
23654
6744
83605
56923
23647
4352
10324
140710
9342
10811
9049
60312
23365
7089
64130
8550
56751
4676
3218
506
1045
2006
270
4620
10395
388228
9397
9967
9118
9521
4254
5293
83734
55002
25861
11099
10218
54093
159195
29082
10726
3048
1607
140258
25884
30844
27134
51692
285672
22934
58512
26750
155006
10180
23057
9334
29078
51008
5268
83743
760
51807
26098
26092
9921
7936
9646
10288
55178
80243
7764
1040
51652
5161
149483
8788
1876
84108
3151
2922
4225
5624
145946
8139
6782
546
834
9987
54756
28971
646
23253
11041
4659
23384
685
55219
147179
1627
55015
57099
3484
56997
51296
10667
25780
51534
131118
51025
28952
135112
1131
10330
51070
3236
286826
23158
8672
55761
64785
7056
7453
8544
56142
5649
128821
8531
50615
2909
2747
9868
81493
56165
6403
252884
29781
256364
51067
8927
100
23640
3975
27129
5326
3821
64780
7071
83460
253558
2834
4190
9973
2248
1297
1311
5743
2030
23786
22843
116224
11277
9738
98
55191
132671
22998
124912
23181
51733
60314
10554
1375
100130892
128312
26525
200734
57111
5933
131034
2251
2264
2870
80762
4130
26051
7802
5789
5791
57336
55103
57171
3604
8744
94032
81794
23139
143187
10327
2775
59340
10552
390
6877
10955
1068
219402
55698
7266
81617
307
5454
5116
5862
266697
2152
5593
4811
5046
26511
4285
374
79065
6362
10769
23126
78999
2861
84868
5027
65220
51127
58510
23137
79677
25980
55837
122553
9722
643
84171
83737
2588
4759
6001
57447
353139
4012
80351
3421
84460
51282
3420
1195
64689
2358
114798
7517
1848
221400
5563
79152
81847
6590
115426
57092
283899
3036
1066
54935
284194
114791
7140
2918
285671
7620
5332
7123
394261
399511
51669
1997
2869
6869
22880
1396
85480
7462
6428
84669
7422
7423
23588
348303
153733
85456
3294
6281
2253
80110
2180
3992
8969
10445
100287932
100125556
50805
1606
5276
2054
10483
10682
84650
4048
7746
5028
400569
51166
8942
1678
2811
8404
114034
374403
5826
64147
54790
1984
64328
255928
84067
112858
2000
1129
84289
147744
969
4049
799
1299
4644
9815
9581
51053
55182
51109
10252
26254
84103
89848
54575
1903
51317
147372
5082
2949
112401
26059
27445
23646
944
4808
6723
79582
9576
51734
5962
90060
169522
2186
23082
2805
4222
10549
9445
170463
8996
22925
8434
161
2001
2897
80031
4783
51043
114569
2572
80273
934
8476
28988
85509
100288160
2048
2583
8869
953
91179
9468
6504
1281
10587
80818
3242
10947
2731
3552
3850
5033
3304
390598
5686
57016
7289
125
10959
55958
4354
90865
122622
2122
9152
57727
84220
389840
56257
26272
79987
9585
64403
2617
342667
334
1942
79444
23091
7581
200958
79039
10087
79882
26100
284697
7075
6689
2622
10712
51143
542767
6909
64225
8318
5999
1950
7439
7319
6422
8323
79720
55252
6907
64779
1810
117
27443
8405
84726
3696
65268
11034
3985
51754
130557
93517
27019
3397
8573
54461
79930
5926
1237
388372
57555
9162
79173
64422
29990
6240
4780
25909
28991
1411
1414
10945
54977
8928
9750
10562
8925
7692
4619
64755
5427
9406
7022
5460
4207
1787
100133763
84688
55819
1272
10296
51061
7173
54930
56623
7369
9899
5475
11197
3383
874
4055
140901
8458
23581
1609
286827
83478
64978
23034
1501
8877
6389
1313
51537
23285
1736
4058
55905
10411
9217
4336
250
7145
775
7390
55884
3622
55973
25759
7763
60528
57610
5510
1103
4121
3613
8821
6515
7402
1901
27165
610
3549
64399
1727
124540
10422
23741
6253
2138
25763
55620
440184
148867
23495
8872
28396
6737
89970
100294277
51514
2673
2697
2700
29789
90480
11036
56676
92345
374454
7136
10914
85458
128853
11235
80143
623
9046
23113
2022
92
57524
6360
4900
23594
64855
4543
3568
1420
529
6569
3792
8031
4814
1954
4927
7108
9413
5099
57405
51655
117246
2914
3824
54212
3350
210
7718
9825
5570
6442
573971
11334
51571
10016
4524
2733
26249
64102
917
5252
1758
5746
5534
631
8419
53343
7582
4663
84674
6503
7156
3396
79038
64518
10654
205
57664
3884
25836
79837
167227
6433
3567
2671
83903
57597
54760
11135
23264
139728
26509
27132
23279
55746
147525
59339
5243
9536
170959
54855
51227
8818
6583
51693
64841
9945
92714
60485
910
54834
10766
22836
255877
10367
54951
4107
285971
55964
5151
654346
6916
23166
66005
27159
55898
7429
80209
6904
2995
11045
165918
5740
402
81539
6050
142937
407
94233
23125
10360
3439
80019
100291837
2215
325
995
10938
30845
153657
9398
10316
27247
55684
220963
56122
79676
23
9807
9721
29970
9380
3155
9056
5968
583
4485
79734
5019
401508
9650
123887
23382
55568
55251
192111
5575
26190
513
22943
10991
440321
7589
6402
10632
11333
5154
6525
51260
283768
381
10168
23567
160419
57178
10124
752
407008
4774
3575
64109
5870
57003
55031
51280
22992
1791
25841
5630
1312
26052
5696
5654
1967
25766
79161
6482
55146
54518
253714
463
5000
2882
26232
921
186
6608
645
84231
55857
285489
4593
84330
10493
9749
9742
80727
6683
23149
3104
4340
2730
3078
1016
5069
51400
145258
4617
84675
85476
28442
3851
905
1361
5858
343035
651
8643
3707
8187
375035
55735
55617
8079
19
55166
1777
8534
3208
4836
7741
23072
26145
55127
79719
256957
2355
7278
23437
6301
5899
10954
81494
51207
23212
8348
4680
147841
3062
4345
7301
2595
833
954
3949
56672
11056
4878
80764
79858
84335
50846
653
55823
2744
1757
56648
6559
248
378884
8526
85450
51090
23131
342132
30811
3431
3785
388633
79364
990
79939
79696
534
23367
3892
51255
7991
84061
4359
1298
9929
57396
2487
8082
23623
11098
8863
9575
7546
1749
147923
441362
8828
285
2131
11116
9615
722
79156
10670
55035
201514
5506
1260
1160
2593
55501
56886
3835
5972
22926
2018
10169
116
90589
4798
54891
90871
116444
7253
6550
3620
56897
8325
57496
54874
4661
4761
8792
2665
10519
1002
5393
23492
5284
5865
1182
26953
164832
91647
51567
10842
23042
10426
94121
79925
158399
3050
3598
26136
54059
10365
140628
7087
55170
85441
10039
653604
10430
10063
8929
225
91750
200186
375790
81545
55922
54737
140460
1364
4671
197257
202333
7812
2821
57488
6934
51442
54825
8269
441208
654483
7288
25777
92799
128866
7857
2674
4684
55296
246
60493
151194
25842
64745
50626
7079
79005
434
11167
51478
11259
23471
140612
2281
6262
285074
92129
60313
133015
11122
57509
2774
4326
340061
57506
6964
6965
54039
84101
56204
617
80725
81788
26747
6618
4956
6676
10556
145282
54970
2214
55435
9601
8916
84948
57130
57060
8027
23152
29072
285367
80212
10109
643314
55184
950
51206
11264
5824
9039
149951
4122
4245
4588
4909
3811
56252
57484
191
11194
84273
4007
1271
84893
6566
55506
27242
375260
1404
4319
59269
81491
5470
83746
10214
2188
57697
284
10575
146845
7905
800
221154
10802
346157
143879
50937
51231
9289
84457
10714
728
23177
58526
141
3024
2354
541468
181
397
1889
57035
1829
9699
5001
955
26012
9255
50619
1630
3059
137492
171023
137872
9156
161742
1960
5957
2865
55888
8789
4299
6478
5617
1408
339345
55024
3756
29842
7342
8424
375449
3626
93
1062
254170
26230
2799
3425
83892
22978
132884
51621
387338
10781
50940
9728
6652
55142
23225
51088
4210
83658
28962
414157
5731
151295
341
26056
54658
8708
489
79613
915
2935
5199
2049
359
126375
27289
9679
27243
6726
4038
26119
2168
10817
127255
79583
51455
6419
57622
54544
54957
6755
441155
5255
5261
366
5715
57619
3955
1305
83714
23504
4625
3096
6338
54602
100653323
51719
221120
6764
7527
83932
5053
8692
10733
10244
200576
10686
29128
2520
51427
94
51199
8564
1493
81929
5298
8853
6344
10750
284119
56925
57472
22902
411
3090
23534
259
5955
1084
23503
1805
11151
2250
8985
5697
25939
474344
27248
23428
57169
51659
81603
57175
55108
1428
51292
4982
8741
9324
81576
81839
1360
22976
79447
4059
7979
3418
10845
10623
2976
7359
55916
162333
2581
427
23109
10021
9971
89796
22878
80006
113146
80854
6103
7029
55504
24139
51566
8394
51305
653499
51596
256369
23370
720
57054
276
134353
1870
344558
2796
8613
1466
643641
23064
5029
55739
220108
84076
56929
29080
9682
84717
80005
3266
55014
138474
3570
8516
55187
8567
22864
2554
10807
5620
1797
137964
23657
2526
8513
3363
6757
64859
118424
23530
6742
84167
167826
23533
6286
2917
23586
7174
5162
342574
5009
51056
7104
5763
27173
1615
1294
130617
8468
55567
10049
6747
55561
8796
9546
114898
54910
84985
10949
11273
8301
127733
64232
11311
26284
3754
53916
9857
5991
10009
284992
1746
115992
130271
3241
51177
118429
10260
79706
6299
11215
4848
378108
50509
85021
55553
4839
57556
337972
25847
11314
84259
60343
5160
55695
26278
22795
10923
171024
7444
10673
115650
338382
6274
7008
3980
54680
168544
55193
2864
5376
10741
79693
6495
284169
1476
23262
439935
2319
54221
1340
58160
27254
1783
4854
50852
54665
55589
347918
79707
2272
90655
23165
10044
10423
6594
11101
79047
64850
56344
23609
80142
203547
29959
245812
2286
139324
3360
54344
8555
92737
6815
9310
83999
338412
51573
55269
9540
51592
79899
158067
7700
1122
51702
1431
4191
4161
27350
10370
7753
54994
63973
27102
10903
51247
3284
54936
24138
137886
79891
90557
84790
9175
10681
112574
8897
6943
1576
6846
337867
56000
6496
3049
317671
1139
6584
84152
116443
22852
6992
115509
10156
57136
142689
84872
285180
7678
92483
81928
23129
8490
55509
11255
374659
7469
1070
1636
319
887
10939
6614
55607
64800
410
5274
9130
23529
5618
9902
63876
1373
58473
51378
30
84908
3200
23583
23178
401
55210
399947
84838
6621
8671
7803
9647
339451
2686
10267
55062
652
91851
593
3624
7049
9271
2987
80256
1747
6364
23784
11279
91369
4004
22977
84174
9487
374654
5671
7349
92335
91833
7220
133
64601
286301
5308
6753
23224
1677
435
57186
2958
84333
8745
727787
10579
55845
55311
8578
55086
125965
51703
80063
55760
125875
344148
115727
83733
116337
83900
776
140688
25825
27332
54069
5266
79763
57798
112936
2312
9547
2779
284307
100137047
145957
260434
57122
9529
9776
6646
51322
4037
5481
5165
5550
90268
200539
8539
5313
10420
92591
55793
4255
81559
285855
26046
26259
441521
2016
83752
23214
10272
83700
57663
773
118427
10906
51274
54540
4750
11082
5428
4832
163786
283078
7574
94081
6451
5831
8499
25832
51222
137868
6443
9765
10717
11154
51660
54623
196383
3487
889
80017
144347
2222
79768
85287
653067
51710
7225
388272
56993
57786
92181
4084
6713
162466
5532
51533
55274
4351
51382
1236
8698
245806
89941
138065
116841
55011
85415
4234
6474
57215
7180
8781
55824
6366
2819
55841
1368
3040
56681
219988
79915
9231
7260
54187
54913
151112
51204
1509
50511
23157
10495
117286
65056
255426
26034
22911
85451
27033
51130
10806
3009
5956
311
93107
11248
22987
1536
4689
8260
79048
2258
2296
55512
57701
163859
6758
9501
2947
29967
80329
64006
7293
56157
83874
586
90834
3364
5514
2832
55629
93649
8840
286297
23368
55224
5833
2817
6000
8346
84502
1307
5965
9625
10857
10916
8891
1081
2823
56938
25904
80185
79866
10435
4053
3149
84951
8785
79616
130013
7371
55591
90121
10438
154043
51364
55622
1628
7011
126308
474382
10658
8288
2815
93643
123283
9263
51329
26469
946
4074
730394
23014
85445
338785
79159
8986
8291
10196
23539
79574
64718
56246
100272147
51157
2584
219771
23026
1200
4828
41
122961
134285
197335
23244
81693
23616
8022
9066
10203
54521
339416
5910
54433
9326
10344
57512
26515
26520
55869
10095
9595
10107
401135
146849
255167
149708
55301
90133
284618
10473
8742
54862
6697
10724
29070
1014
26508
60370
57674
6728
389421
57602
9087
440145
54967
9851
118788
340784
23150
653404
340205
9241
4633
404672
56605
9847
3562
5289
4908
23420
84701
7511
284185
55256
91289
2652
84876
10443
84316
4922
8577
1102
11336
1465
130872
64005
23037
5744
10335
27287
2005
2620
100132565
2140
51804
2803
8277
9415
51361
79691
9924
84960
4054
79705
25996
1152
64506
3709
128178
25839
83548
10621
57337
2563
9770
10743
64434
139716
3454
11283
100288797
10677
55070
11127
9962
9469
140706
1800
51230
8623
7551
162967
6398
1734
200523
81557
10331
9516
5995
57176
55900
1617
8425
84749
50
161003
51246
56919
51450
4324
280
5869
5569
5445
3745
29068
3687
7360
1652
201299
54058
387882
54101
23031
337879
55107
25936
51248
282049
384
1212
79585
50810
11319
79576
80270
6530
7993
6249
79415
1773
57820
92399
3909
57513
8085
940
55638
5619
84522
23406
83988
27098
51517
3177
9805
55843
5208
255758
57135
4015
79947
1959
10007
57715
5286
4899
10653
3699
53905
2621
3426
4775
7270
4883
79654
140690
1008
56475
221037
122481
55702
64098
962
51647
1580
125150
8787
54552
117579
339403
3211
10434
116449
121536
51538
201255
9644
146395
943
83439
114780
113791
57822
150771
55558
54972
55734
152330
10544
10537
51667
6358
23029
9371
22881
100129842
29935
157
9703
8611
279
2307
10447
55773
4439
64770
84886
8820
51306
55088
6898
4976
54828
80262
1366
56145
9992
168667
84261
221458
9044
23235
84620
64407
23604
84923
6444
8941
79921
29124
5101
83707
64926
112752
7130
27297
6003
159163
51379
127002
9820
54531
80174
94103
1158
2653
7169
3596
7036
114800
10346
2178
2913
27240
3606
22822
9134
2813
10850
50512
8774
55615
174
100130086
540
1993
63971
9975
22821
23164
5889
114769
2990
10635
9248
80198
7200
144245
64795
30846
242
9510
1781
2207
4953
85377
54946
55262
23032
7357
10950
23373
146540
4267
160065
63894
55278
54939
7110
653808
6242
116379
50616
23063
51657
152687
113452
90293
84203
133396
115290
653226
9928
1155
122769
150165
25988
170482
5877
56911
57455
84063
6997
147791
79177
27202
23460
2802
9060
253143
157638
9942
59338
6901
55209
55275
6334
23012
63925
147660
60592
57534
7114
84064
5526
901
5190
8498
112744
55234
84251
26205
10763
152
54600
84332
30820
85406
785
9816
23258
114793
10776
283685
23071
9792
51552
266812
129521
221833
57707
9777
55195
10460
6238
81669
4938
6513
23598
23387
26054
3416
27237
80777
7403
57379
51352
51347
254827
144402
64091
60401
154810
55118
54843
8729
146956
26229
4237
9227
79632
27113
8790
4125
79003
55069
80150
197358
151246
25925
10068
1233
9274
2170
53840
7259
79816
8407
23568
9320
221662
10794
84304
4892
3638
4585
63917
26040
9723
27314
6023
494514
3232
9455
58157
4018
5354
387755
54468
57609
55228
266743
521
29997
26234
51661
55102
346288
10558
9517
11179
482
6349
54903
91147
23132
51363
6690
254359
317772
214
493829
164127
284802
55230
100293737
8604
3780
80169
285622
63904
2559
7009
6619
4887
406952
3311
23608
6751
6374
23138
1525
22909
50945
56138
2876
55559
440603
3357
23379
284656
85865
64386
5271
29916
1418
3841
9375
2992
171558
29091
9877
84932
285362
3916
84154
1489
55670
9497
5884
1211
55510
26524
7942
5443
166647
23600
8309
22848
84440
22796
84628
114882
54962
84168
4123
83448
6793
220
79699
11072
283238
653877
5192
5193
28512
54942
219899
8045
84271
84639
3775
79754
547
1831
6373
3816
6448
284276
57573
85313
53947
7023
9552
161882
113174
50632
8997
22930
22809
1259
10622
11163
55664
29889
3963
9970
51319
2833
6356
54431
80020
389114
85300
8406
8858
63940
23112
8519
25975
5118
79674
9069
7355
51031
57038
10017
27295
25816
23077
116238
1801
5279
55800
10472
283212
168451
27151
4902
55769
114907
389692
63932
27063
25776
10136
1816
55038
222662
7165
27440
112840
3855
6674
10424
26151
23331
8637
3053
2158
79728
2706
54892
60529
445
199745
6543
23338
55215
10126
7252
6522
2895
115352
51252
90850
199720
58190
92815
23682
23414
80852
4901
286514
83440
50862
11039
23089
55125
22877
6945
90957
22932
2277
283629
57586
266747
2567
29890
4135
2660
23288
9657
55778
7504
22873
57551
551
553
57010
778
2829
23362
10489
4650
3587
84547
55671
3902
1357
3781
10553
147495
404636
6770
5527
1521
254173
8330
2029
25824
26138
79980
3141
686
203245
11261
6547
9314
201965
9572
9828
10226
125170
3898
7122
57542
8784
51126
90321
10527
116154
23216
4687
1645
129868
1136
1143
257629
25900
80789
7566
55847
8192
10276
57560
84690
1112
3720
79792
10011
10452
116832
9889
11285
5876
155465
4753
91893
25853
51706
22885
9808
7078
29071
170961
10581
3491
399
84073
518
2531
25758
27232
64756
55177
4057
57017
57719
155054
84934
51284
79573
27436
3908
387923
23195
3682
1512
6529
66000
2543
6423
55222
147011
401507
5360
5031
150221
91663
6586
25837
257160
9832
10597
10105
51637
57541
55049
8437
5786
440087
3817
55902
29907
6317
4056
1009
23659
1455
6049
926
23731
9630
29896
23559
100101267
285135
8852
79686
23314
1193
6942
3386
755
2555
26020
2195
100529067
5210
81846
23354
124599
54830
9725
566
1879
2979
947
9411
8740
7347
285590
3070
1551
201562
100137049
55361
163081
28987
23627
3112
1946
80208
3664
84287
9166
56673
25782
170850
84433
7621
26271
64857
140803
10461
162966
51205
1729
343069
1672
5817
57646
9507
158427
9873
79080
8078
51170
3213
4921
8092
6005
10280
51527
4589
79623
64582
51666
199692
85461
3772
26147
3037
54505
79171
10979
54751
84617
166012
9242
9904
22879
9554
50604
1504
27076
58504
79796
51237
3913
3578
375686
55095
165721
84950
83706
28970
55809
27434
57647
23779
63976
8048
51102
54210
3623
2009
54865
80347
6990
3430
129401
15
3074
10153
3429
26130
9369
57650
119391
9867
27341
23022
26225
8542
1877
23168
333931
286749
4640
1673
132321
55848
48
84684
51399
163126
23167
26610
3619
662
7352
3777
3558
57540
404665
7940
10437
3712
55966
92979
11133
6641
10198
285205
2702
5913
11076
170712
158345
440730
27071
4508
8345
7095
112398
57536
83896
7903
83606
51575
5672
10678
8562
1907
4849
23381
5920
51110
2668
3204
79078
253635
2044
10742
10060
1119
339324
57192
90070
196477
4124
9064
56904
9209
117581
10993
4146
51154
1806
646214
3557
53632
54985
3489
4239
6441
79635
51471
3458
10990
124402
4430
146760
9159
6523
23574
340543
10120
85464
1486
3195
22984
85293
28956
26297
54922
11230
55266
56033
23344
7516
22824
128553
55005
283377
5229
92342
7292
83937
8447
79369
9068
6372
717
9499
342510
91523
2303
3993
56181
11162
10814
976
84451
51172
57106
1949
54933
84570
29843
26022
140683
441519
55576
727897
11142
115294
51475
4857
2517
575
83638
239
57403
84296
9837
8313
5896
64848
4923
644186
3127
23780
85479
56963
51474
101543
55196
3502
252839
9619
55742
9363
6526
9353
23141
51499
2901
90525
84897
64778
3115
55614
10369
55020
28978
84941
327
100293130
1180
25994
3134
93611
353
90861
5322
51523
79871
81853
6288
51076
11313
3005
9027
2921
57104
51744
9695
594
140290
203259
442867
55201
7348
80761
9735
9437
51540
169166
200316
60489
10147
2649
92104
1292
51327
1118
9830
9925
2556
23678
84282
9355
6861
10455
64283
25998
56990
56896
1041
5650
100129791
167691
4829
27120
3934
644
5875
2184
130951
51106
3045
22858
271
23704
25870
7221
128869
84258
7769
29028
6698
168433
124460
7783
54788
54866
90423
9550
27315
157773
51665
440
54795
122042
6019
51022
2905
201725
7033
91137
6511
54739
10269
8293
7558
1961
284904
965
1388
26960
7694
29965
1996
9132
1824
10683
54567
150084
2249
3221
4598
114327
157739
26984
55054
8540
196374
4978
23312
29802
161725
4289
11213
64100
134218
114571
11112
9935
783
121512
147912
3226
128653
6692
146059
256714
537
8882
4360
84975
51156
146712
7716
96764
942
85236
8816
283820
26033
251
130752
22844
490
51686
6318
20
83759
162699
23094
23512
125988
56851
3730
56995
10780
23310
23677
57158
415116
8778
5801
9652
6580
5533
6041
2888
4807
29097
57109
727751
4920
11054
64393
114902
51236
55937
10249
119559
6926
57689
8479
23762
84320
6553
4515
4009
8369
55353
199746
5613
84441
400745
51186
89857
23483
66008
9419
79596
7214
10485
56675
1293
89858
55677
64699
54878
79784
9235
113115
10782
55243
23644
94107
23101
79802
6297
8455
375133
9179
122060
784
54496
10943
8073
51293
11272
8521
2812
6581
116986
5207
27300
345651
9875
57148
1036
5992
5260
79736
9789
199777
10874
11055
23051
23017
7043
51582
27301
51409
5652
26330
2077
4502
7201
987
782
8504
3382
79893
7148
57515
55236
80823
6473
7545
127262
27069
55706
163071
8515
64641
5096
622
11237
10538
1047
8759
202051
28234
22869
170384
11168
51310
51232
57606
79446
9098
23059
132954
10158
4968
63941
128272
6756
126792
90488
8497
9771
9447
85477
338567
23566
6799
2492
92806
147746
10998
3299
6343
64081
23024
6832
80832
79874
92595
10129
148206
140947
3214
116143
387597
6769
153743
171392
50818
84277
7441
56926
5498
8913
23593
27253
28815
55605
23174
5818
53616
3081
474354
148156
54904
10736
2742
56927
10043
64129
79624
55544
253725
3300
134147
245711
5813
51122
57522
65018
23635
5367
84539
55333
221935
10199
92856
53405
157753
64844
10652
170591
93210
90411
55790
22993
8798
881
59350
6013
146691
1301
88455
8507
883
5927
10668
51006
374879
10471
54861
54345
27348
285346
140739
29920
8603
386618
54969
1415
26047
3354
10220
7226
9768
26528
58505
85457
5176
5990
10219
10999
57595
117166
23102
64776
5178
6375
10721
284069
2868
128239
339230
9990
134637
60385
1178
2012
64784
51185
10663
91107
57580
339366
221830
27031
26094
84303
7982
84331
147664
7697
2978
727866
5366
64221
23053
278
56922
653489
79661
23008
83699
83983
114132
114897
7481
10804
57045
57662
2899
81790
64651
5948
5626
9989
57539
81490
93663
390226
1909
120534
79642
387101
80201
605
474384
135250
159296
7711
55776
23246
5197
3899
57519
765
6913
3627
51309
89782
51735
29057
151531
100132406
10101
6558
55119
1571
23154
10695
9684
51728
10076
84830
1618
3073
6936
6702
6668
375010
284418
220965
10810
80317
64895
130507
23746
80067
11147
9623
9024
5834
4745
134359
492303
140801
27329
2530
10675
4066
23234
5756
10479
23643
9220
100507436
92689
6894
51676
10600
113655
113263
4060
93185
3589
3964
25833
115557
51402
259282
10570
528
7326
23761
730426
10380
7728
9079
221079
84188
112597
220164
6659
54413
377630
392197
25875
192134
54956
1667
4496
3123
241
6867
55083
89876
84775
2847
64856
3640
1133
8399
51440
123606
64321
3698
79092
54959
4126
57179
79863
4580
952
129880
5128
4752
3281
23294
23030
55089
9446
29947
2894
55827
65108
348235
84102
84552
11068
2944
79717
83990
175
4322
65989
57471
55619
399979
117145
55152
51374
7745
2825
2173
25796
91942
65983
696
112812
128229
79033
3938
55802
7120
132204
290
89891
81688
6469
25791
4158
79840
64145
440138
83787
56271
158800
8842
4046
26973
400714
7596
9600
6731
6391
5122
22944
27141
3887
54361
2633
81610
8715
89849
3212
51162
129531
50624
84058
55815
7434
55071
6557
8739
51115
4682
29113
55055
55777
7482
84696
5544
51266
54583
9238
55600
10910
8621
6574
78988
54457
51111
4061
25999
3705
201595
1998
90249
4201
9943
5874
4796
7781
1798
3574
340075
6328
1687
9211
90362
7594
6284
54495
7503
400720
57605
54455
2710
58494
2585
148066
6348
55856
54873
84272
5827
8320
81551
145553
57113
166824
51155
929
57030
1506
10428
27284
357
55768
4969
5937
23484
55719
89777
149465
4284
22845
3820
53917
1815
7873
728405
80325
54543
729515
131377
83464
130827
7404
479
23300
64093
415
391104
64135
24142
23304
51016
3779
3750
130497
79868
8530
51226
1968
25917
79660
10613
147007
55156
339967
158798
7476
7855
79042
81611
443
9855
2591
121457
57019
9748
3434
8722
10457
84065
26287
9429
9123
90288
728689
150274
79269
6860
56961
6822
754
55349
64388
3347
9312
1510
8215
8994
37
91752
80323
51072
246778
79581
29953
10332
55527
8153
148223
158326
92344
55652
79073
4338
23266
83844
55332
81563
25874
1106
100287898
54802
124925
26017
3814
84722
80007
886
3234
23215
27036
2357
79993
90187
201516
4649
56137
6329
10897
81555
9806
23241
143630
1953
151050
7770
607
259232
51380
80345
58478
23491
768211
84957
6582
6376
125144
25940
79022
7073
729873
7586
152189
286151
58528
9524
100316904
339175
27430
11141
4248
23760
7142
392510
57624
727837
57007
64843
2692
9467
1300
84131
165324
10005
1265
4610
116987
79794
285596
8895
23283
7748
7837
158219
123228
2814
84866
284680
114908
57226
84767
85417
2239
63923
6492
285533
11005
25852
342945
642443
55829
57223
408050
63929
116835
2232
151613
6017
4295
51384
79650
9205
11093
65095
6576
129303
1939
9628
56063
5015
23221
526
6578
552
2219
142680
6734
85439
5453
64062
2523
376267
51673
23237
64430
2206
2020
10983
164153
92667
7373
729428
54888
7840
9489
10099
3933
55716
6494
2646
80309
80332
84315
487
4756
59277
2820
55867
151568
57688
3998
79365
79140
26071
57693
441478
64787
27022
3537
284352
440822
10464
80222
51490
7227
57549
128977
282974
56704
10042
57228
127281
80774
23040
2925
94025
56342
10251
7016
55013
11326
51027
5100
10481
79984
11070
7549
79174
353355
462
83459
7556
157285
23140
80131
51397
57335
2900
85365
57817
3094
100144435
152573
1611
1417
163882
84618
148413
84265
80714
11062
6289
923
29949
26256
3485
9399
8019
5535
57018
91355
146722
84645
115703
25764
22898
5673
55008
25979
114784
81566
3849
1847
5655
23093
55188
8209
134957
10361
149461
83695
55680
653784
4257
284486
55466
81029
22914
4276
84920
146894
10406
57095
54987
56479
9985
57718
84181
285733
57127
5836
151742
84516
22908
7032
10106
6835
5442
117245
87769
9180
26091
1485
22850
116092
26748
9208
58513
90324
9480
126526
50863
83595
632
27145
56888
493856
29766
51339
64092
3766
139422
55627
644890
25950
24
57216
54754
5612
404550
5738
117155
6664
91252
6505
3903
770
2139
3250
84976
10072
113251
822
221302
9698
136
11219
54997
79897
10752
23469
79568
401024
28755
84901
5375
9125
57794
27079
284427
54958
8263
91614
30848
83871
26085
7975
9603
10785
159090
6509
64771
65082
136895
84954
3920
84896
3769
79724
283160
60685
10647
4250
64943
23179
6414
80221
6101
10630
220766
172
130813
163087
79884
51028
11180
57470
5076
6327
653220
170685
25911
27236
55709
8712
3060
79647
127540
283248
30010
6691
3423
9567
54883
79665
55844
22871
171484
92346
6585
79363
80199
53347
84984
221786
493911
84640
6792
2693
84263
112970
53339
94086
6560
5010
10550
8800
2014
4355
84162
84074
57678
2619
7163
55012
54784
283869
8433
393
7809
28965
55238
1269
122809
84875
123688
4632
3538
55787
94137
65062
83394
8933
55808
7102
23592
440264
283152
3440
8341
7058
6506
29119
9144
6407
11006
51209
3445
10773
89790
150572
1120
10509
150082
64420
8416
16534
1135
1141
3783
283551
51654
64840
7475
147040
7675
94134
91574
78992
120329
1444
27072
64115
4259
7813
8396
221823
6123
56052
347240
3268
129080
115948
9948
7458
23065
55128
255180
65059
6283
57763
1082
283165
9927
23255
10308
84124
50856
55713
23119
79904
54504
4880
51118
3108
3111
91419
55258
221016
51218
6097
2444
199221
57547
58986
7571
64834
90441
63905
28985
347734
9871
22142
80790
56980
150421
151056
285782
84295
7264
283229
79836
58515
51365
26502
56267
9204
57630
259197
1318
200261
9172
8688
84448
1593
23293
9859
135152
2641
932
131474
55074
10463
30012
144233
5095
23161
2302
7553
2920
55621
84163
29098
7066
55130
728294
1830
6296
54149
55813
440568
4677
338917
1365
3209
56917
23332
53407
124808
9686
1992
80178
10045
80742
10231
54806
9061
55795
121549
84946
131408
90134
55197
57649
444
6339
284615
2577
116442
3741
93100
10221
4489
83955
54826
90864
3344
119504
9019
11079
6489
59272
2098
4317
10389
223082
338599
90102
54462
1666
55036
9949
84986
51086
9502
84317
4330
7850
9095
80331
4010
168374
55628
10908
23335
2589
7477
55335
2535
79586
25871
83795
123016
26065
4681
285025
8644
147339
29085
27067
83986
255043
22868
11061
767558
6699
6320
2255
124857
57134
91966
196074
51430
57827
29906
23173
25818
1140
3227
7449
163732
3597
1132
5954
80128
284131
25893
57282
84919
26002
84643
84141
28620
134492
374618
5922
342184
719
115950
221955
4935
149986
9352
9818
57669
2109
8638
81605
81786
27130
326343
27023
339448
27032
272
202
50943
150678
84284
200014
7399
55040
131890
1825
219736
79982
203523
404093
84229
1844
10881
7258
84905
23041
27340
84298
9758
221241
245934
170394
9409
941
2677
143
57214
203069
55312
29998
10300
283237
54510
6491
3512
134701
57696
51337
83853
283464
3883
152816
55432
83445
343521
4016
54940
10194
827
54555
9829
387119
84656
152007
9148
8287
5636
386672
51301
9812
151011
7070
171568
8711
79961
80311
5669
8200
1369
55810
92359
2675
9752
8398
7318
10803
6370
57821
83692
29121
55132
123169
79640
283870
57453
3590
4586
55175
51285
51083
55006
114876
155066
81037
535
100101629
200185
139793
10410
731
55295
2867
57404
84239
221421
6579
215
54893
1370
51125
64663
729603
375033
29066
11126
23185
10894
50808
23233
79864
255743
729533
55246
9514
6910
8732
155060
199
137735
6263
8608
81569
29941
79658
57585
788
49
7784
10137
91156
10432
79633
729862
80350
23254
81848
6856
249
112464
27087
23613
5357
81607
259217
165
84861
23061
65259
79180
2687
65979
117154
5091
23305
57614
5507
51128
79841
55034
4148
11096
57456
10555
939
9665
11014
80380
54467
8331
552900
4973
9294
55714
286204
10052
6567
1075
10385
23438
10217
7115
6948
1109
60436
10085
2019
55039
22990
51058
676
6565
170261
114049
2743
414325
8809
5799
114836
200504
144501
60598
54857
4669
4498
6941
92521
9315
442868
114879
4033
56171
8310
30009
221895
2356
80896
10224
5016
9114
25805
51108
6514
55863
54520
414899
348995
132228
1261
9746
7474
2538
11031
201294
57823
284390
84622
148170
80183
3972
3744
116983
80723
79646
389541
54896
57502
9344
57553
687
55613
26276
55531
140462
150372
84328
1088
8427
153328
27127
2519
3503
91624
10159
79937
54961
7472
9182
9481
51112
2703
4108
9890
25963
57161
55
7062
30014
151647
29951
9050
440915
16
7542
58497
9284
4821
83641
5251
5256
54998
11138
114785
7592
220002
159686
219790
4799
312
27012
9313
81706
84173
50674
54796
54681
91133
25802
55502
79812
55342
79698
55346
4974
11250
3807
23555
220885
94015
4660
23190
2041
10390
10123
9275
85453
79085
84191
201292
3976
284040
6276
54471
7798
7216
55540
161829
9054
126669
4636
94101
9452
28232
83461
134510
90459
221687
8898
6954
55974
51507
2762
219854
3441
65055
5814
91151
29923
2145
28969
7268
79979
922
221613
219348
11278
10620
90417
283337
3475
129563
60468
4495
27304
10144
57126
83942
9907
91748
100533195
9649
340371
3113
11064
57505
9788
219287
1470
5244
4983
140851
8804
54209
26268
6541
115677
56242
11158
8807
5623
5456
4884
135154
24137
6609
3125
23660
6035
201895
2488
51291
374393
726
286262
85345
51528
54929
6903
55133
7141
81888
55855
87178
81579
5189
4643
54663
51715
126282
127428
8190
55176
84248
10478
9755
54762
10738
5420
4898
5173
683
51603
55785
65987
84953
23617
4256
57531
23554
219844
121391
29895
1384
64318
55998
10512
50964
57546
114783
3645
9542
3422
1128
7059
51780
168620
136051
6656
51752
79068
138311
5939
4990
5502
54585
496
7380
158358
80237
83636
79814
79587
84218
9104
205717
23133
137392
4507
9640
9340
285987
22889
10605
124935
9580
7789
2587
28
56905
3249
10113
221092
284440
79844
25801
7564
153643
51594
1668
4817
2662
83998
678
55084
421
64860
26231
56163
136227
3223
57535
4957
53942
2069
29952
9965
147807
26257
9201
151188
27309
9073
284338
25977
22982
79001
144404
2297
6535
53354
57576
10520
22915
441273
57571
23766
58472
5078
152185
100049587
340390
1579
6700
157310
55871
255967
9914
6166
56241
23036
2013
2196
6439
7922
83473
374650
80018
54682
5319
10690
4975
80129
65997
9622
9912
1761
57292
6539
57690
152559
7695
64342
6405
51085
26269
414062
9562
29106
89927
51606
6309
113828
55321
84376
4017
90843
26236
54108
1056
54677
10309
221468
92960
116496
671
7629
8444
729967
7690
323
83696
8403
124056
91661
23520
6610
10626
59067
440093
54949
253827
25973
49854
5304
23189
10417
10371
7869
2169
79441
1381
124801
1241
64806
127833
57628
759
84465
23578
388407
3535
55505
346562
55703
79034
83543
140767
28825
23067
54577
2395
9512
23518
134549
79690
23353
2696
3010
57863
64332
283576
9900
283459
3982
1770
80210
8334
162972
414318
2939
84918
2642
387332
970
23768
3803
144717
51141
283638
23078
9074
360
57520
26160
9022
286451
115827
28955
50617
6838
26355
280664
9704
2713
10767
7701
56984
51473
8242
387753
10102
26167
64858
57679
80704
8693
55450
6039
9110
7125
57563
255189
30850
1826
4320
483
255738
3231
55799
7092
56140
57626
8995
55624
89874
50515
22986
84892
64090
116071
150921
7767
55199
54920
51119
25798
28951
124944
65250
84727
4675
57466
116138
79295
219738
8030
4062
83552
55365
255101
116028
192683
1456
2760
7941
80055
151393
8799
83855
254122
1583
56882
9885
254863
51286
161176
81035
344892
3034
10942
22834
164312
2635
140606
342908
55904
55194
91404
644815
133619
11257
159162
58490
1527
5051
65061
27291
84856
147686
127829
84631
10641
9535
7177
1355
4534
54545
25894
4634
57730
7957
96626
6388
57507
282809
79923
64764
131578
84529
84128
221017
83446
9637
27333
55304
91894
81855
135932
3442
56143
2119
65124
3346
79157
477
51360
23210
29094
246243
51233
129446
51555
1266
1807
11104
55171
8642
79850
151516
80032
100133941
1149
55786
10418
154790
55032
118426
55190
6953
128434
199223
66002
2824
158055
84940
55153
55860
163227
10098
4995
29958
246269
256302
90462
5641
27123
55699
80346
148523
10139
3495
26262
127933
9827
9247
23620
51705
51512
55225
55340
83931
155435
4440
63970
4293
10591
11249
51599
25972
55051
29062
8609
1012
125336
10934
9766
79755
23276
28793
29035
56006
80895
349114
3263
8857
285172
3207
10800
9858
57574
55204
22801
80215
196541
738
4070
345757
79132
138162
55000
63946
55854
90780
414061
100292719
22846
65083
55846
55825
10100
84247
150383
54438
51277
57722
2217
79922
11320
283461
26275
2875
285190
55578
259215
65975
221981
168417
51052
55112
84572
23446
26061
79685
221035
259173
55859
26548
10
79870
256309
768
54502
26291
55229
2938
26468
80023
2928
8140
548313
90987
5768
389834
56731
692312
5651
2712
59348
79094
729020
80086
26166
27122
23753
732
733
57692
84839
8970
22884
9563
79872
80709
59336
24145
26148
8999
200933
64499
64173
5283
8537
134288
4674
9136
417
116966
161835
23211
283373
79612
91662
200132
347517
93129
27349
54845
146433
5239
25983
1429
4325
81889
407738
221914
388077
10879
283234
220972
3448
116988
5547
26762
220869
389434
9215
90407
3508
4919
114984
220441
3773
54020
9674
187
1134
2628
326625
4552
158046
51105
3171
6359
196549
7116
219699
474
285613
9381
6703
56141
25981
150864
54868
11199
22870
26049
790955
126133
26112
403313
23355
201163
8786
58516
9605
282890
64852
116211
80011
340273
89853
26471
10321
11226
8624
8446
57655
58495
1548
79896
64083
151242
91607
91373
5542
55179
23325
23228
3038
51046
87171
3467
63897
29103
337963
84814
85465
125919
54625
134391
7579
9244
285381
11026
6368
9736
164656
3274
54732
8859
399670
79780
1893
125050
56667
2117
23347
9683
9083
54596
92283
51714
1203
2679
285761
51187
9082
54407
9254
55669
25984
22854
55374
1582
63974
65258
50861
145781
4249
7425
3126
167555
55915
7866
8581
390616
339201
5301
54989
8170
8938
126638
91875
5639
55144
27439
28513
81930
64864
2525
4258
54968
57667
899
55328
55530
353116
9002
221656
10730
55831
64111
3669
259240
54947
340419
50507
150726
6330
64122
22928
166793
79853
11270
133418
63935
3755
9639
55004
53346
4886
84179
28984
79649
6906
51547
1767
199870
3359
8460
114885
4081
23432
8438
1671
23532
359710
10195
79977
130589
9122
221908
64096
56255
84779
54439
3068
140469
401288
375748
3812
3362
150946
23467
4885
23358
126969
79652
135927
22798
100132979
84911
4668
128439
57732
9356
4837
55748
56311
5670
378465
64743
339745
121274
203522
51094
27035
29931
668
51635
55909
51123
130074
55260
54867
85013
63874
10290
22887
124093
9937
3290
374666
282618
80135
55850
57143
105
51368
116844
3017
9127
149420
9849
8528
725
56146
7584
57724
3119
92369
4197
92482
55796
122011
283643
112942
94160
84034
29765
728492
80146
81671
55741
125228
58493
55608
56521
8326
4185
149076
9997
376497
51133
56666
1048
55300
10904
8605
124404
221044
26273
27321
644903
11202
254879
89866
1138
51522
10531
83475
10599
25927
23548
55033
64359
165904
26298
9296
79879
122651
79684
84306
55122
347862
26834
8811
55017
10793
202134
735
120071
51311
8735
9518
9731
340542
79074
196483
57172
51751
100289087
5545
126823
6100
79901
117194
3270
171546
23247
56265
152926
140850
11105
245973
81854
51279
6730
140707
92285
89765
134430
202459
6248
167465
79024
9560
1775
339479
252995
5555
51271
146439
253959
6059
10164
25976
131450
55281
64288
4277
79834
29919
1524
64240
5681
79722
23552
10609
10216
284114
254251
9936
27190
203569
84299
55691
4685
116931
81858
646480
3823
486
3607
590
219743
30814
3237
65992
10427
3697
27244
83596
201626
8372
55154
3652
54937
10439
2916
55331
10071
30819
10505
54741
338322
84996
221527
29099
58488
55818
79142
27085
55280
284677
5023
3833
57189
117247
493753
389119
5554
58498
100287428
64794
140609
285343
54852
84219
55930
51136
8292
81542
8128
81792
91304
135458
124401
375057
56853
23545
10491
26476
9745
55286
10058
136647
51300
79856
203054
63892
283970
347688
148327
340654
26007
10825
84290
79081
84795
2667
57338
57491
282617
57057
26279
9718
22989
3047
116328
200916
3809
319101
641518
339487
116369
27004
51259
91869
25987
124044
51071
6450
23587
51332
203562
6341
27352
54838
794
55200
83591
23480
22
8814
221442
2863
3338
57165
23261
53919
338692
84300
54443
79098
55320
51244
8340
129138
80864
55757
80013
6102
94241
10692
1006
3788
84864
57523
151449
27344
80305
84916
84992
100529262
7976
10778
222643
201798
284358
55833
94120
8647
80154
51032
10090
552889
84926
283635
221061
139105
359948
153222
55552
79054
128876
55245
9923
89781
6795
23116
116039
440295
23180
23301
84709
23277
201161
55323
6988
64285
83666
23423
126298
23060
22903
786
143689
5538
728242
84079
8993
142891
55423
222229
54587
3700
83693
119587
59271
29101
10965
55082
79932
4991
114815
10966
51002
5463
11086
79726
8879
64241
4624
2576
100506164
9783
2537
2849
93624
150209
96597
10693
84281
206338
644150
146212
23601
65999
3813
138428
2565
2346
23284
54758
55602
64106
114904
10610
169026
8645
127254
93082
7274
654231
131076
56996
84107
64478
339855
10748
4240
401152
7195
5457
83862
23401
57695
145483
57116
7565
2846
115752
7162
84929
23403
11020
3257
92565
54584
7263
84912
6568
9620
374920
25792
5949
7639
23315
93323
124590
8509
54980
91807
144097
9991
389136
6369
90011
55765
23505
115024
3142
577
343472
29087
9696
51062
165530
79831
257054
22994
84057
27077
23070
11172
65267
26137
112714
79740
8992
3046
3802
22995
10809
85019
8808
64110
79750
283489
65243
54800
10548
84654
166863
9705
100506658
84641
1979
11159
83732
4939
222658
644914
653394
55861
11341
4102
2304
51278
84978
2926
317762
11232
1662
283093
80117
4045
11227
83744
64902
80014
374928
23576
118932
25878
117248
54517
114757
389941
10893
11262
729408
58486
128209
119369
6291
91050
55870
731682
2350
1496
84159
64344
100529211
729475
170680
58475
53834
124149
27245
55893
64805
1718
9751
79986
23769
1183
79716
57486
57125
1145
83941
10718
445571
203447
257062
346389
340481
50809
115584
84270
844
58499
389123
389799
124923
83667
353091
126326
51411
55336
79845
2300
56674
27133
2998
54432
1015
387680
23196
57829
730441
23242
55759
10518
51004
78996
57687
4327
121642
80319
26164
10744
221718
2053
26286
54749
64207
4994
132851
8641
147650
10409
60686
23466
255631
23767
64747
10650
23127
388531
23143
9496
56147
134265
55631
3447
57799
23348
140809
81554
2981
81932
9538
79230
55892
51148
51601
267012
205860
85012
140775
494115
124739
28638
7498
50854
83648
11132
85397
1745
79679
60482
55347
8538
283450
56729
79998
374354
83607
3790
3752
165100
1472
2328
90019
83594
55163
5471
55363
51250
162681
80310
440689
56928
728358
25840
51626
65010
30815
55657
79012
84695
114880
8193
5007
9108
9283
162655
2691
152815
80731
100293534
131669
100294190
28990
54441
113178
414927
114805
54901
84955
253769
92703
729991
85459
9824
5121
54546
146225
85395
114825
29785
4635
56969
401145
50506
7757
133022
51203
9473
3466
130026
26251
11025
392862
64847
203260
10878
4542
117584
123811
64648
147945
25926
51015
100287466
254887
2644
474168
10233
92241
7544
93659
124930
337960
404663
9210
201266
440026
112476
6957
65980
54065
7539
170825
389874
246100
10745
64184
55572
727851
79145
257000
114804
23400
3140
90113
65982
6094
51195
10590
3355
9993
27283
126299
100134230
9543
10232
133957
143379
23787
11185
653048
84968
29104
440670
9933
5729
2348
84677
199920
57714
6036
114625
55625
84809
10368
9509
150928
197258
653219
26504
414060
6746
389856
150368
